0,1.500666
1,1.502501
2,1.511536
3,1.497666
4,1.426465
5,1.328919
6,1.498192
7,1.500780
8,1.256987
9,0.458607
10,1.447895
11,1.299687
12,1.442988
13,1.416327
14,1.433204
15,1.343404
16,1.333595
17,1.406004
18,1.389727
19,1.407023
20,1.064729
21,1.418327
22,1.395505
23,1.352562
24,1.419205
25,1.371133
26,1.377554
27,0.530270
28,1.376022
29,1.285943
30,1.338515
31,1.378072
32,1.335271
33,1.250669
34,1.372712
35,0.129632
36,1.385163
37,1.392023
38,1.380175
39,1.335665
40,1.310944
41,1.215875
42,1.381076
43,1.285496
44,1.175724
45,1.348435
46,1.314141
47,0.390207
48,1.249128
49,1.312340
50,1.265964
51,1.258232
52,1.340792
53,1.298458
54,1.325602
55,1.195194
56,1.103513
57,1.208203
58,1.062635
59,1.252624
60,1.235494
61,1.312160
62,1.159194
63,1.243326
64,1.161068
65,1.262503
66,1.150993
67,1.309155
68,1.207464
69,0.059740
70,1.054633
71,1.239437
72,1.214861
73,1.245310
74,0.496898
75,1.305958
76,1.241812
77,1.153901
78,1.240286
79,1.255211
80,1.235232
81,1.218098
82,1.117779
83,1.245725
84,1.229125
85,1.239734
86,1.179474
87,1.168697
88,1.090612
89,0.524257
90,1.080657
91,1.165083
92,1.204602
93,0.983156
94,1.246984
95,1.236513
96,1.157831
97,1.228914
98,1.147883
99,1.069826
100,0.219933
101,1.112005
102,1.194446
103,1.141947
104,1.160444
105,1.176889
106,1.138363
107,0.973132
108,0.103233
109,1.027233
110,0.500578
111,0.948580
112,1.169545
113,1.098264
114,0.817453
115,1.132373
116,1.054861
117,1.167599
118,1.142210
119,1.114972
120,1.139107
121,0.984962
122,1.112456
123,1.181654
124,1.166867
125,1.173328
126,1.029647
127,1.098651
128,1.122290
129,1.160606
130,1.126164
131,1.136584
132,1.139068
133,1.174046
134,1.106246
135,1.115913
136,1.088434
137,1.136810
138,1.106071
139,1.144213
140,1.105790
141,1.119312
142,0.127591
143,1.068966
144,1.100173
145,1.062683
146,1.136297
147,1.111772
148,0.497753
149,0.972576
150,1.098734
151,1.119321
152,1.131093
153,1.050335
154,0.793709
155,0.554178
156,1.073493
157,1.064060
158,0.182861
159,1.070251
160,0.192174
161,1.073557
162,0.654354
163,1.107450
164,0.729078
165,0.968246
166,1.082209
167,0.181893
168,1.071798
169,1.072597
170,0.557568
171,1.087047
172,0.842725
173,0.365192
174,1.068886
175,1.029387
176,0.940731
177,1.013738
178,1.031963
179,1.019108
180,0.934343
181,1.092814
182,1.024142
183,1.044695
184,1.059107
185,1.041220
186,0.924444
187,0.952682
188,0.919877
189,1.028548
190,1.050762
191,1.019851
192,1.047555
193,1.020626
194,1.036977
195,1.082636
196,1.058858
197,1.040221
198,0.757388
199,1.021379
200,1.053054
201,1.033420
202,0.709429
203,0.920693
204,1.073616
205,1.070464
206,1.014934
207,0.918936
208,0.090509
209,1.025549
210,0.997043
211,1.021633
212,1.031337
213,0.969967
214,0.152985
215,1.024999
216,0.975929
217,1.023045
218,0.923305
219,0.866944
220,0.962599
221,0.995093
222,1.006948
223,0.994919
224,0.193425
225,0.992636
226,1.013134
227,0.995296
228,0.985690
229,0.133484
230,1.001748
231,0.931509
232,0.920469
233,0.996534
234,0.315122
235,0.176625
236,1.001010
237,0.497185
238,1.027395
239,0.983697
240,0.923484
241,1.006987
242,0.873507
243,0.951262
244,0.991243
245,0.771763
246,1.014682
247,0.924000
248,0.939351
249,0.940531
250,0.941623
251,0.939889
252,0.750213
253,0.925573
254,0.870032
255,0.874210
256,0.955979
257,0.280110
258,0.977044
259,0.957023
260,0.916284
261,0.965040
262,0.975569
263,0.972357
264,0.220906
265,0.947917
266,0.964923
267,0.982179
268,0.091831
269,0.933869
270,0.982252
271,0.876917
272,0.918793
273,0.927784
274,0.976521
275,0.931894
276,0.939584
277,0.542481
278,0.874465
279,0.938334
280,0.937613
281,0.955804
282,0.946757
283,0.933731
284,0.820442
285,0.927746
286,0.828253
287,0.927289
288,0.906237
289,0.889340
290,0.854336
291,0.912507
292,0.819675
293,0.938268
294,1.001571
295,0.955192
296,0.906130
297,0.850151
298,0.935159
299,0.918554
300,1.016471
301,0.944354
302,0.645161
303,0.926904
304,0.150435
305,0.939091
306,0.946317
307,0.902043
308,0.698375
309,0.870354
310,0.923359
311,0.923628
312,0.920859
313,0.921135
314,0.899096
315,0.826921
316,0.607858
317,0.951864
318,0.861004
319,0.872551
320,0.917301
321,0.942547
322,0.090653
323,0.800478
324,0.470200
325,0.876173
326,0.786992
327,0.203479
328,0.879188
329,0.925715
330,0.792333
331,0.845564
332,0.909548
333,0.878646
334,0.904043
335,0.488754
336,0.892525
337,0.199971
338,0.886961
339,0.966621
340,0.858171
341,0.919878
342,0.917885
343,0.914505
344,0.907453
345,0.898277
346,0.848146
347,0.084015
348,0.566517
349,0.891757
350,0.708025
351,0.879068
352,0.841911
353,0.870484
354,0.163096
355,0.630383
356,0.916140
357,0.820127
358,0.884426
359,0.861623
360,0.665507
361,0.827730
362,0.881334
363,0.910794
364,0.919460
365,0.888628
366,0.855630
367,0.882643
368,0.847912
369,0.915389
370,0.856637
371,0.880366
372,0.767942
373,0.929721
374,0.207004
375,0.834062
376,0.845427
377,0.359785
378,0.660856
379,0.851315
380,0.846066
381,0.833828
382,0.760632
383,0.818917
384,0.890196
385,0.384211
386,0.915626
387,0.839967
388,0.829031
389,0.754155
390,0.837808
391,0.771457
392,0.875194
393,0.861786
394,0.867324
395,0.314287
396,0.818498
397,0.794703
398,0.875107
399,0.757971
400,0.910035
401,0.882227
402,0.845388
403,0.848013
404,0.817135
405,0.916149
406,0.692354
407,0.249901
408,0.868037
409,0.791428
410,0.850535
411,0.789410
412,0.859295
413,0.834757
414,0.607453
415,0.860565
416,0.867192
417,0.861627
418,0.830989
419,0.878102
420,0.846437
421,0.848871
422,0.832622
423,0.779015
424,0.815302
425,0.812332
426,0.533848
427,0.878511
428,0.224058
429,0.843496
430,0.781351
431,0.835908
432,0.811281
433,0.746971
434,0.560346
435,0.752840
436,0.339382
437,0.853036
438,0.827391
439,0.849665
440,0.805340
441,0.838274
442,0.841392
443,0.796922
444,0.872421
445,0.762411
446,0.576006
447,0.858770
448,0.795662
449,0.805270
450,0.837340
451,0.793821
452,0.823785
453,0.790120
454,0.814550
455,0.714272
456,0.805053
457,0.750118
458,0.705974
459,0.559278
460,0.327231
461,0.779684
462,0.888651
463,0.828455
464,0.309068
465,0.824399
466,0.802583
467,0.795188
468,0.799947
469,0.879906
470,0.784573
471,0.416945
472,0.812078
473,0.760080
474,0.813806
475,0.897087
476,0.889059
477,0.722657
478,0.810951
479,0.127168
480,0.557635
481,0.794145
482,0.280000
483,0.795127
484,0.346824
485,0.777444
486,0.151387
487,0.787629
488,0.792899
489,0.824159
490,0.842654
491,0.090334
492,0.853551
493,0.752383
494,0.762270
495,0.186466
496,0.703316
497,0.857426
498,0.761019
499,0.797819
500,0.816086
501,0.752222
502,0.680996
503,0.784198
504,0.759372
505,0.812794
506,0.713326
507,0.718338
508,0.844935
509,0.770489
510,0.740554
511,0.771559
512,0.712892
513,0.790797
514,0.792482
515,0.779879
516,0.746447
517,0.656598
518,0.706817
519,0.816722
520,0.613310
521,0.096311
522,0.717100
523,0.697348
524,0.704366
525,0.739943
526,0.555385
527,0.782080
528,0.426728
529,0.821804
530,0.794502
531,0.324659
532,0.817423
533,0.770680
534,0.794471
535,0.747456
536,0.802743
537,0.745341
538,0.789522
539,0.632487
540,0.810663
541,0.821904
542,0.798587
543,0.744861
544,0.103632
545,0.812288
546,0.658643
547,0.767620
548,0.769292
549,0.754656
550,0.338988
551,0.810389
552,0.798571
553,0.688644
554,0.675231
555,0.772257
556,0.774237
557,0.766127
558,0.752907
559,0.843455
560,0.701423
561,0.609184
562,0.742007
563,0.773326
564,0.811051
565,0.701677
566,0.740896
567,0.765123
568,0.058411
569,0.713053
570,0.808544
571,0.732753
572,0.678888
573,0.785490
574,0.772517
575,0.778978
576,0.771471
577,0.702164
578,0.802199
579,0.834966
580,0.750584
581,0.688245
582,0.816440
583,0.773799
584,0.752253
585,0.747966
586,0.751811
587,0.676499
588,0.773937
589,0.773134
590,0.745400
591,0.692790
592,0.107773
593,0.861383
594,0.726248
595,0.688624
596,0.658751
597,0.349252
598,0.744143
599,0.778018
600,0.727946
601,0.775380
602,0.736114
603,0.681758
604,0.693043
605,0.727855
606,0.297380
607,0.759213
608,0.778612
609,0.748648
610,0.770091
611,0.658094
612,0.197855
613,0.759269
614,0.704700
615,0.799063
616,0.444287
617,0.176977
618,0.809384
619,0.695754
620,0.727010
621,0.720942
622,0.734369
623,0.072159
624,0.804145
625,0.732485
626,0.749119
627,0.157753
628,0.805804
629,0.774035
630,0.054611
631,0.746456
632,0.434924
633,0.727827
634,0.713508
635,0.762852
636,0.769285
637,0.697311
638,0.771447
639,0.786561
640,0.720858
641,0.637454
642,0.765066
643,0.664049
644,0.725228
645,0.712352
646,0.758125
647,0.602840
648,0.749348
649,0.713199
650,0.738549
651,0.653895
652,0.753774
653,0.691286
654,0.726287
655,0.704598
656,0.669172
657,0.100620
658,0.740191
659,0.655505
660,0.741112
661,0.726271
662,0.747536
663,0.746332
664,0.746786
665,0.699739
666,0.619177
667,0.731013
668,0.722423
669,0.351109
670,0.729134
671,0.741476
672,0.819917
673,0.742096
674,0.690985
675,0.704775
676,0.263387
677,0.658834
678,0.699000
679,0.742025
680,0.736008
681,0.796353
682,0.728695
683,0.737136
684,0.714308
685,0.722392
686,0.658201
687,0.761663
688,0.691871
689,0.724672
690,0.716147
691,0.675188
692,0.202582
693,0.697027
694,0.637389
695,0.708993
696,0.734746
697,0.526963
698,0.743009
699,0.666342
700,0.638746
701,0.707749
702,0.669795
703,0.699484
704,0.733321
705,0.715437
706,0.732207
707,0.137657
708,0.697966
709,0.706787
710,0.638039
711,0.620119
712,0.689248
713,0.753226
714,0.733310
715,0.734890
716,0.749480
717,0.692860
718,0.590650
719,0.327601
720,0.680028
721,0.579124
722,0.640237
723,0.207157
724,0.632345
725,0.614905
726,0.621311
727,0.702442
728,0.686886
729,0.735041
730,0.732878
731,0.652632
732,0.692748
733,0.720763
734,0.714021
735,0.764827
736,0.725153
737,0.686553
738,0.690987
739,0.588859
740,0.526883
741,0.674758
742,0.649196
743,0.668840
744,0.726879
745,0.547397
746,0.653373
747,0.708343
748,0.617328
749,0.650999
750,0.216035
751,0.685629
752,0.721093
753,0.685843
754,0.743456
755,0.697876
756,0.151555
757,0.701652
758,0.250898
759,0.698614
760,0.692441
761,0.690948
762,0.701036
763,0.665546
764,0.373347
765,0.724131
766,0.693311
767,0.676683
768,0.709278
769,0.700431
770,0.461992
771,0.698039
772,0.682406
773,0.698368
774,0.720070
775,0.727489
776,0.700855
777,0.627233
778,0.730792
779,0.690760
780,0.653141
781,0.710079
782,0.700077
783,0.611825
784,0.265809
785,0.684703
786,0.635633
787,0.658503
788,0.625390
789,0.459610
790,0.671442
791,0.744343
792,0.703190
793,0.714477
794,0.672995
795,0.663974
796,0.736459
797,0.715363
798,0.664098
799,0.707178
800,0.566918
801,0.725245
802,0.654068
803,0.692056
804,0.496771
805,0.681944
806,0.645584
807,0.698864
808,0.678308
809,0.497352
810,0.608104
811,0.715744
812,0.665573
813,0.680823
814,0.201139
815,0.517045
816,0.711412
817,0.637661
818,0.691144
819,0.628832
820,0.630479
821,0.059147
822,0.646830
823,0.691098
824,0.060611
825,0.595557
826,0.675258
827,0.692178
828,0.658131
829,0.673467
830,0.673243
831,0.711260
832,0.645894
833,0.695505
834,0.060917
835,0.711590
836,0.697608
837,0.672142
838,0.563241
839,0.735693
840,0.625884
841,0.697604
842,0.689599
843,0.672347
844,0.652277
845,0.687591
846,0.496007
847,0.459910
848,0.670033
849,0.643840
850,0.689588
851,0.691301
852,0.662281
853,0.686850
854,0.630547
855,0.525781
856,0.609444
857,0.662877
858,0.622040
859,0.668841
860,0.708277
861,0.632940
862,0.644247
863,0.649604
864,0.666851
865,0.524231
866,0.670896
867,0.681239
868,0.653613
869,0.707391
870,0.629165
871,0.604492
872,0.531574
873,0.575285
874,0.666290
875,0.602307
876,0.660905
877,0.662211
878,0.672643
879,0.610900
880,0.333404
881,0.655347
882,0.654023
883,0.636933
884,0.514491
885,0.644304
886,0.612891
887,0.699357
888,0.651545
889,0.649240
890,0.715856
891,0.121790
892,0.613010
893,0.595288
894,0.640574
895,0.634347
896,0.168457
897,0.650059
898,0.035978
899,0.594070
900,0.699416
901,0.679557
902,0.647186
903,0.606263
904,0.672473
905,0.609620
906,0.620952
907,0.229827
908,0.629460
909,0.616836
910,0.643595
911,0.747337
912,0.761150
913,0.651272
914,0.657129
915,0.609039
916,0.667056
917,0.666691
918,0.686483
919,0.625103
920,0.623472
921,0.634709
922,0.614254
923,0.630848
924,0.695101
925,0.540853
926,0.641165
927,0.617413
928,0.084377
929,0.576884
930,0.583456
931,0.624701
932,0.577281
933,0.489231
934,0.642720
935,0.108434
936,0.490652
937,0.598004
938,0.730137
939,0.104473
940,0.685617
941,0.629123
942,0.651250
943,0.603050
944,0.668394
945,0.096809
946,0.569510
947,0.645135
948,0.119587
949,0.635737
950,0.656030
951,0.623794
952,0.581004
953,0.574097
954,0.056412
955,0.581433
956,0.688109
957,0.665785
958,0.631390
959,0.080096
960,0.648589
961,0.655913
962,0.626314
963,0.601264
964,0.709824
965,0.617642
966,0.651519
967,0.670137
968,0.051715
969,0.485767
970,0.084436
971,0.668625
972,0.567810
973,0.612290
974,0.616848
975,0.593349
976,0.689242
977,0.657672
978,0.666609
979,0.636308
980,0.556619
981,0.563533
982,0.631264
983,0.647985
984,0.634485
985,0.535642
986,0.294692
987,0.630821
988,0.651607
989,0.617631
990,0.686173
991,0.673892
992,0.609183
993,0.665168
994,0.650737
995,0.662239
996,0.636519
997,0.304761
998,0.638203
999,0.616435
1000,0.631569
1001,0.655208
1002,0.567503
1003,0.574456
1004,0.616691
1005,0.614966
1006,0.638197
1007,0.627410
1008,0.627816
1009,0.560876
1010,0.597759
1011,0.631411
1012,0.267805
1013,0.652446
1014,0.566543
1015,0.334011
1016,0.231414
1017,0.663005
1018,0.091088
1019,0.635166
1020,0.627014
1021,0.632223
1022,0.151166
1023,0.663317
1024,0.627550
1025,0.602034
1026,0.692879
1027,0.559871
1028,0.540359
1029,0.619688
1030,0.585400
1031,0.627141
1032,0.680284
1033,0.588141
1034,0.632202
1035,0.620651
1036,0.071468
1037,0.648557
1038,0.636449
1039,0.622733
1040,0.486142
1041,0.631434
1042,0.597593
1043,0.096929
1044,0.580490
1045,0.532524
1046,0.656904
1047,0.558947
1048,0.616716
1049,0.399337
1050,0.591182
1051,0.591897
1052,0.621946
1053,0.588388
1054,0.644747
1055,0.611444
1056,0.442720
1057,0.550050
1058,0.604929
1059,0.485572
1060,0.217495
1061,0.637015
1062,0.483025
1063,0.634450
1064,0.111503
1065,0.057958
1066,0.665367
1067,0.649163
1068,0.613037
1069,0.687112
1070,0.590201
1071,0.649892
1072,0.627464
1073,0.565558
1074,0.622395
1075,0.627594
1076,0.537296
1077,0.625835
1078,0.555998
1079,0.480366
1080,0.547898
1081,0.637266
1082,0.067340
1083,0.660907
1084,0.626619
1085,0.613479
1086,0.608778
1087,0.638310
1088,0.601132
1089,0.527390
1090,0.672666
1091,0.631701
1092,0.604746
1093,0.634800
1094,0.556164
1095,0.544339
1096,0.635686
1097,0.099358
1098,0.667865
1099,0.629358
1100,0.548382
1101,0.622029
1102,0.648933
1103,0.658435
1104,0.552148
1105,0.634183
1106,0.265040
1107,0.622254
1108,0.632741
1109,0.464293
1110,0.556113
1111,0.634627
1112,0.623055
1113,0.604284
1114,0.601310
1115,0.626074
1116,0.200837
1117,0.215090
1118,0.506908
1119,0.615947
1120,0.632936
1121,0.661289
1122,0.629668
1123,0.631985
1124,0.624005
1125,0.528130
1126,0.630106
1127,0.678302
1128,0.618313
1129,0.585502
1130,0.611524
1131,0.669875
1132,0.394278
1133,0.599949
1134,0.374778
1135,0.635186
1136,0.648002
1137,0.160345
1138,0.601530
1139,0.591518
1140,0.603419
1141,0.653380
1142,0.659408
1143,0.572977
1144,0.629907
1145,0.659104
1146,0.331469
1147,0.621390
1148,0.577470
1149,0.579888
1150,0.593889
1151,0.602839
1152,0.596767
1153,0.525329
1154,0.595247
1155,0.381799
1156,0.531277
1157,0.221422
1158,0.598889
1159,0.613914
1160,0.611064
1161,0.082679
1162,0.600628
1163,0.677995
1164,0.596415
1165,0.633075
1166,0.166859
1167,0.616145
1168,0.570684
1169,0.601142
1170,0.549344
1171,0.261825
1172,0.559636
1173,0.550529
1174,0.610828
1175,0.586370
1176,0.223291
1177,0.629143
1178,0.652145
1179,0.612113
1180,0.554930
1181,0.624953
1182,0.557820
1183,0.588807
1184,0.566182
1185,0.591391
1186,0.626331
1187,0.580700
1188,0.635859
1189,0.451765
1190,0.643404
1191,0.648197
1192,0.600283
1193,0.610332
1194,0.663280
1195,0.554346
1196,0.380052
1197,0.654550
1198,0.565982
1199,0.512192
1200,0.570074
1201,0.320049
1202,0.519915
1203,0.541557
1204,0.623045
1205,0.598836
1206,0.614265
1207,0.600865
1208,0.542673
1209,0.569750
1210,0.052112
1211,0.603781
1212,0.542878
1213,0.624169
1214,0.309969
1215,0.581135
1216,0.628975
1217,0.550773
1218,0.352278
1219,0.644632
1220,0.614311
1221,0.614427
1222,0.574083
1223,0.543799
1224,0.587485
1225,0.557779
1226,0.635293
1227,0.625875
1228,0.592248
1229,0.540913
1230,0.593109
1231,0.651458
1232,0.627672
1233,0.567187
1234,0.159849
1235,0.156907
1236,0.593315
1237,0.640407
1238,0.436402
1239,0.158618
1240,0.593274
1241,0.579045
1242,0.592715
1243,0.591233
1244,0.572353
1245,0.531410
1246,0.563933
1247,0.559939
1248,0.583721
1249,0.589270
1250,0.595119
1251,0.557305
1252,0.556962
1253,0.578164
1254,0.580690
1255,0.612887
1256,0.596155
1257,0.533681
1258,0.478011
1259,0.409132
1260,0.591092
1261,0.139585
1262,0.564587
1263,0.570401
1264,0.519353
1265,0.548317
1266,0.581244
1267,0.537125
1268,0.528067
1269,0.048806
1270,0.599527
1271,0.641934
1272,0.553674
1273,0.581290
1274,0.199801
1275,0.620513
1276,0.567645
1277,0.620670
1278,0.608043
1279,0.579803
1280,0.630594
1281,0.070207
1282,0.616251
1283,0.580583
1284,0.609383
1285,0.538083
1286,0.590304
1287,0.541206
1288,0.610015
1289,0.043157
1290,0.604636
1291,0.605250
1292,0.611689
1293,0.579478
1294,0.603430
1295,0.585166
1296,0.588091
1297,0.378196
1298,0.512290
1299,0.586451
1300,0.574435
1301,0.504664
1302,0.476736
1303,0.648046
1304,0.082534
1305,0.558689
1306,0.569405
1307,0.603076
1308,0.612005
1309,0.610405
1310,0.595216
1311,0.531017
1312,0.637698
1313,0.092458
1314,0.611810
1315,0.586908
1316,0.532424
1317,0.658837
1318,0.573367
1319,0.599838
1320,0.326247
1321,0.565889
1322,0.040310
1323,0.614840
1324,0.538565
1325,0.587350
1326,0.582065
1327,0.605329
1328,0.587270
1329,0.470387
1330,0.545986
1331,0.546498
1332,0.454254
1333,0.581651
1334,0.615990
1335,0.539887
1336,0.635826
1337,0.427190
1338,0.623730
1339,0.593427
1340,0.354671
1341,0.596264
1342,0.553345
1343,0.581267
1344,0.281580
1345,0.600185
1346,0.060035
1347,0.574578
1348,0.611691
1349,0.617322
1350,0.552319
1351,0.552584
1352,0.573344
1353,0.536294
1354,0.572558
1355,0.586694
1356,0.527994
1357,0.594114
1358,0.175443
1359,0.527989
1360,0.582079
1361,0.516506
1362,0.577778
1363,0.602365
1364,0.570340
1365,0.613250
1366,0.560923
1367,0.376784
1368,0.583005
1369,0.565360
1370,0.541249
1371,0.382586
1372,0.599085
1373,0.095323
1374,0.627335
1375,0.586320
1376,0.582531
1377,0.566678
1378,0.551360
1379,0.561423
1380,0.634650
1381,0.589330
1382,0.570525
1383,0.552309
1384,0.582012
1385,0.578810
1386,0.531998
1387,0.615978
1388,0.315097
1389,0.545600
1390,0.095222
1391,0.594473
1392,0.585794
1393,0.620486
1394,0.550571
1395,0.058671
1396,0.593924
1397,0.518462
1398,0.555572
1399,0.453822
1400,0.555709
1401,0.527810
1402,0.575244
1403,0.566173
1404,0.540085
1405,0.571012
1406,0.555162
1407,0.549692
1408,0.573244
1409,0.559225
1410,0.553659
1411,0.569384
1412,0.410980
1413,0.591062
1414,0.540930
1415,0.553766
1416,0.574069
1417,0.557303
1418,0.601910
1419,0.562159
1420,0.536358
1421,0.554283
1422,0.564235
1423,0.568632
1424,0.526490
1425,0.574615
1426,0.506991
1427,0.558146
1428,0.532359
1429,0.570795
1430,0.542607
1431,0.291584
1432,0.568672
1433,0.574849
1434,0.326671
1435,0.512183
1436,0.539270
1437,0.541442
1438,0.582825
1439,0.342937
1440,0.625132
1441,0.584413
1442,0.615413
1443,0.507286
1444,0.538717
1445,0.551544
1446,0.553926
1447,0.546413
1448,0.189679
1449,0.596331
1450,0.604580
1451,0.552659
1452,0.369114
1453,0.267974
1454,0.100804
1455,0.573456
1456,0.099623
1457,0.513637
1458,0.517344
1459,0.515914
1460,0.565964
1461,0.523010
1462,0.595020
1463,0.586826
1464,0.552538
1465,0.594557
1466,0.593151
1467,0.550706
1468,0.602068
1469,0.095875
1470,0.607293
1471,0.592657
1472,0.500142
1473,0.452737
1474,0.553400
1475,0.176194
1476,0.470155
1477,0.559447
1478,0.163551
1479,0.583328
1480,0.583852
1481,0.357797
1482,0.507771
1483,0.105191
1484,0.521352
1485,0.560991
1486,0.606153
1487,0.503239
1488,0.608341
1489,0.329679
1490,0.549954
1491,0.573988
1492,0.088988
1493,0.604263
1494,0.636993
1495,0.604561
1496,0.614745
1497,0.538610
1498,0.319590
1499,0.553616
1500,0.600246
